0.01
0.0124519708473503
0.0155051577983263
0.0193069772888325
0.0240409918350997
0.0299357729472049
0.0372759372031494
0.0464158883361278
0.0577969288415331
0.0719685673001151
0.0896150501946605
0.111588399250775
0.138949549437314
0.173019573884589
0.215443469003188
0.268269579527972
0.334048498351324
0.415956216307185
0.517947467923121
0.644946677103762
0.803085722139151
1
1.24519708473503
1.55051577983262
1.93069772888325
2.40409918350997
2.99357729472049
3.72759372031494
4.64158883361278
5.77969288415331
7.19685673001151
8.96150501946604
11.1588399250775
13.8949549437314
17.3019573884589
21.5443469003188
26.8269579527972
33.4048498351324
41.5956216307184
51.7947467923121
64.4946677103762
80.3085722139151
100
124.519708473503
155.051577983262
193.069772888325
240.409918350997
299.357729472049
372.759372031494
464.158883361277
577.969288415331
719.685673001151
896.150501946605
1115.88399250775
1389.49549437314
1730.19573884589
2154.43469003188
2682.69579527972
3340.48498351324
4159.56216307184
5179.4746792312
6449.46677103762
8030.8572213915
10000
