1E-12
1.24519708473503E-12
1.55051577983262E-12
1.93069772888325E-12
2.40409918350997E-12
2.99357729472049E-12
3.72759372031494E-12
4.64158883361277E-12
5.77969288415333E-12
7.19685673001153E-12
8.96150501946605E-12
1.11588399250775E-11
1.38949549437314E-11
1.73019573884589E-11
2.15443469003189E-11
2.68269579527973E-11
3.34048498351324E-11
4.15956216307184E-11
5.1794746792312E-11
6.44946677103763E-11
8.03085722139152E-11
1E-10
1.24519708473503E-10
1.55051577983262E-10
1.93069772888325E-10
2.40409918350997E-10
2.99357729472049E-10
3.72759372031494E-10
4.64158883361277E-10
5.77969288415333E-10
7.19685673001153E-10
8.96150501946605E-10
1.11588399250775E-09
1.38949549437314E-09
1.73019573884589E-09
2.15443469003188E-09
2.68269579527973E-09
3.34048498351324E-09
4.15956216307184E-09
5.1794746792312E-09
6.44946677103763E-09
8.03085722139152E-09
1E-08
1.24519708473503E-08
1.55051577983262E-08
1.93069772888325E-08
2.40409918350997E-08
2.99357729472049E-08
3.72759372031494E-08
4.64158883361277E-08
5.77969288415331E-08
7.19685673001151E-08
8.96150501946605E-08
1.11588399250775E-07
1.38949549437314E-07
1.73019573884589E-07
2.15443469003188E-07
2.68269579527972E-07
3.34048498351324E-07
4.15956216307184E-07
5.1794746792312E-07
6.44946677103762E-07
8.0308572213915E-07
1E-06
